17410921183212842622;
1354691427611429167;rapid;
8400410712394189640;
119749548214852958;
18029499241881046593;
12940990609858685664;search;kind;
16652772258683658896;metropolitan;
11889712963617327872;edg;
14714473909526765545;organiz;propos;
4972809728606503416;
6115674679995998263;nest;
4343051185325086504;
15043915283338505754;rural;
3653014411770575038;
11465573183789745622;
4711997927879321381;
5083740354604986500;root;
427856397647026034;
10948306561617173744;
10095685563443994881;exchang;
17742837349001049327;modern;
14319644488029669238;
10650192400292721725;
10899040762277524354;
1177866241898787539;move;
5518784326717148986;
10589400396780492082;data set;
13612840732315350530;
10419638455288387263;definit;
14494304965780369291;
12372060860559485529;
923468158294308756;appli;
7989158288125170678;search;
10474292726356892188;suitabl;
16406044766663975485;light;
3643564348598300240;core;
3677755360727364846;
9602513515974427435;evacu;urban area;
6070217928207328750;
15030730959286758252;sensit;
12091052402086591999;
11435021539113683238;
14500647789969160890;aggreg;much;
12318903923952802460;suitabl;
2648982081973093875;read;
18413099436590598030;
8470545786783000887;
9886374738953475996;metropolitan;proport;
13811873365419855024;
17459146697387807063;
9973001464879046811;edg;
10841456713499284112;search;actor;
1818865453835822716;qualit;
442597994820651456;
14711347982438623960;
6249855425876504893;metropolitan;station;
13016111614845695140;
6587217330848228663;
17301267235086282021;separ;
13552975752483979442;
15708269996867241662;
16714539897331683875;extent;proport;
5414079965684248116;activit;
1753503738893391095;appli;
6077253387641607557;residenti;
8217545788338460052;suitabl;
11152549535668416093;
1470033040145024796;activit;
11946381555616802707;propos;
16135066276727534870;
13209915336407924330;particl;
4650947612997334616;
12602261443025780737;
14098313644002711807;extent;separ;
1213989798617851663;score;
13752961721232378082;
8327227129353613087;
17168106802461778933;social capit;
7786990652365463716;
4918846003500200234;
14239350842651325365;much;
15945422991210935912;word;
2404234884660292557;
10071945819081972415;
9426512954050305529;rapid;
792657434662958698;
2191499441556910698;actor;
14408784991940672219;
1413561136138081507;hazard;
16466335020539170633;
1773111385951224857;
558313369675571562;
2997598168437686301;sensit;
6628068618346927530;
10530569167060707160;
13460644265854565825;travel time;driver;
15853240260158470221;linear;fire;
8536160902883579990;
13709688743055729856;
9848062527169397573;
8946787897343297258;
7972984737099800219;district;
4472566796189184279;rural;
17078174838756200368;
10940237494138218712;
15626314220117846135;
17051303360058044690;light;
2484506273748607499;actor;
16378439807107857798;
13503813284732572823;
4325984497908333051;travel time;move;
9137541113245068248;modle;
12107941409870287665;core;
2081130552056690012;
1842620358403257100;medic;actor;attitud;score;care;
11522854711691312286;
16407133447263336084;
14092472703820846834;
7366217315956938895;
7991986221912589908;
18426730428203973235;
5320135838589074317;
12626733744030423327;interview;
3681407681243441531;
4020676933205734629;word;
4805763905089815469;
11800783488918104819;ethic;read;discours;propos;
711329923120819271;light;
10750278397057582076;
13932866032157095130;
14536076994061698674;
7065977755474549236;
18324282830790877604;information;donne;
4703528103127519090;
12524004829824925064;normal;medic;varieti;care;
11916828016632070158;
5175382204345578071;
16143420082845703821;
11526053569335988871;
11814540941093814568;
16274321004884011090;
16261864900989068765;word;
12351073279210027682;
15037986108844077195;
6390684910680095098;
14794292695564975756;varieti;
3785044647358631117;
10843658360263936264;
17084475045405740048;organiz;
13381687892834406659;
18223047528278629976;vehicl;
18028858323441865951;
18257996176964180316;
15048623969350429424;bar;virtual;
14843054109298408770;
15779513760329244410;
12600117983325757188;ethic;action research;propos;
15363435225343605206;softwar;video game;
13044576646734277272;varieti;
6000298468422571787;
2531466277841026100;urban area;
15913209474145158949;core;
6359474897905721055;
12532251113198053876;
2728444947095609765;
4524406206428822321;
3347000895053150025;
10807592639174449862;data set;
1877478103325785408;much;
3340345495959517994;
1231366904490867337;
18274364650918806909;edg;
6224501035419794389;
6187043978703755672;
8395320560649724358;
15310083658531386640;word;extent;
2796642889068211356;
7169004806113650255;interview;
16589093919794137192;
7939936798529225198;actor;
7692156915149692196;
6184608974687756405;
6971998660716788871;
17743898509122222255;
5961745183167121928;
9728999368899930698;poverti;
17602113854713952564;
1453204698934401873;
12792163477325625908;dune;sea level;urban area;
11970825273264939794;
7854834239303473548;
1628592558518298788;
9861757713836418476;information;donne;
2669197330931932384;
3621483537528586358;
14225683804513789543;
13015352384954126673;
3352947521242410844;
5463316542682775469;qualit;
4604681180230300641;third;
529932199629324625;
8572188713912030493;
5845912337601684094;normal;
3097765861668486913;law;
1344804675379930277;
1293510125047064040;
15504915463242896335;
15083625878078579722;
10395562085118112144;vehicl;
8522415099066753333;qualit;interview;
6451204574374452380;rapid;
17031933891170164556;
7354087562421935368;
8321962379250036283;
11213073684345440896;
7863491622118859913;
17986318644941516663;agenc;
16049387030427960399;
1033848160263756421;
16276977400103430822;attitud;district;poverti;qualit;
6082731141028495342;
4101881020978262081;
7115136084118587815;propos;
16631985186134992997;
6005656647587511705;
15673473835186638730;
12163993069307271005;
16714573956945698183;discours;
3255576151103725591;modern;extent;
1291200821137962092;qualit;ethic;
15429279674067113541;care;
16049328016281210746;
10770613956143411716;
3755729963224926899;light;
488789317920439274;much;proport;
16603819378161836083;suitabl;
3040074936007737393;notion;
17363963406954793851;
15645460256029150116;driver;
5523795584044252800;law;
2189574505234177541;
9725289650518962872;
1354689455085408103;attitud;
12452100539628110857;qualit;
12354250136969205052;
16951141525918826685;
5166474376136136011;virtual;
6674567122501255073;
10059644342791102712;search;definit;
11919197519898077460;read;
4028863959184550623;farmer;
6340548202601476027;suitabl;
483538246629254650;
8419224109895034743;
5317751704460700357;score;
13067860051724649882;
10239356058748580753;ville;
1384315159464906178;
6455274395985384869;move;modern;
2060030482979531565;softwar;
6439421179936453799;
5204119645793461796;
13701169778634836273;
9182978986655959257;
14601916279259628502;definit;
15607193914625488455;extent;may;light;
4786174449418476463;
5174487824843751133;
10392037708272969298;
2385388936914568400;
2290132756426070304;
2073151839324343862;hazard;
3433841074269419643;
16357558596931494598;move;
8111592070451580449;
7106905783604067305;
943594120716220336;
11367565082170792631;
12392549631840037070;poverti;
8205750148088704535;
5630859354658762056;
17904088733266814106;
6391594154967202278;
11252246345377289781;extent;
3074336599925058089;
4835799884908638479;
7479341903135302157;notion;
13929403473550722776;gender;
7169062092766455684;
10597039060395413326;appli;
9825123697752662359;vehicl;law;
1977168764204554602;activit;propos;
14771497539293440299;poverti;medic;linear;
8120473073398958971;
5338406228686269315;
9112332317321546343;rapid;hazard;
6068854395715096282;
2625152943370863591;
13634022377841543846;search;
12326996171047394102;
18073238705981267856;
14049037908230110447;
4201599253755883642;
7111715607094370529;
9046954334816898563;
5866836624197250653;
2415209038576128833;modern;deposit;propos;
4177166043576427738;
15965874212677736322;
9701807267507112152;
5031058785156796785;
2370260241750079946;appli;
17788181262362760709;modle;
15749400924983258514;information;donne;
15806319440716242013;
11396727326830223115;
6098831451181623156;
14236770632204353228;
7274676898493308587;data set;rich;
7282053528550575200;modern;qualit;
2911861836640273608;ville;
12614404222610820103;proport;
16324731261619135987;
4500109189950961551;
14994903313291264059;
14395503924198894302;
14379055311675047949;bar;
14060077900144565352;suitabl;
11839833005107839682;hazard;
13119766986741425799;
13682681307753172607;norm;
17302414429751436192;kind;qualit;
2903806314462118841;search;
7309305180942008132;extent;third;
17435452432128621675;
16782494318978985922;
7252301590348932079;linear;score;care;
4920488729313197044;medic;
17616698758256404353;discours;agenc;
9349905938998180329;
14395399321678793024;care;
8388045333427356109;
14909489442999569373;
6108268422491459476;
17385398044346996449;
11455019195084196360;
10816654763263520673;
18008050580189604051;light;
9726985144448415909;light;
16983211005200827301;attitud;notion;
12292676960830178823;
15529355971247606134;softwar;
16629871028286408034;
17611600709094371773;fire;
17400076314305888791;may;
9839365737390121913;
3868428004611701218;propos;
9634048693520445634;
7984052730754687609;rural;
17018167756872845863;light;agenc;notion;
8131171702362845933;
14189159924165295244;third;
10166839094586020454;
15625288025124211663;
13295775819371716393;proport;
8458514563137936438;
11410819745137344211;
7789459710732149626;
2692524111969092715;
8131533183308076194;move;qualit;
9615400638582991063;
2776614248469251534;third;farmer;
15781155303651540899;actor;
14167699914715082269;exchang;root;
7977994240856534939;
12446583616023970730;
5559255212717815832;hazard;
11257823483419939402;
6092493430563700751;
5342685483545991912;
2174554965852406690;agenc;
16499139200140444758;
203215992587004192;
4053414068552757818;separ;organiz;
2520170133980632933;
2827284050849064834;core;usabl;
14542487172399743305;information;activit;
14913337109328807785;propos;
9616806272624322435;score;
13085987284539356989;modern;notion;
4380710881689775640;
929762932785975037;rapid;varieti;
8664653506683515947;
1478451537991657668;gender;
18002118037598853863;score;care;
5657881540599787128;linear;
13196352800000505337;secur;definit;normal;
9290761082671374433;
12577165629491830185;radi forc;
13277193715506057671;rapid;
11300728188101819006;linear;
8522211850031346104;data set;
16044481923792138428;
18085774403950385175;modern;
3156355057260800693;virtual;
16103845066458186172;modle;
12389925907815293790;extent;
10309159355320324917;actor;
5658608255383495835;
2634842598413545150;
4372119773285168482;
13563662433519085203;propos;
6655851123884698568;kind;rich;appli;
8836214754636785157;
5541096183742928379;
17126235959373918174;farmer;
1285957850048095478;
5770059756120334692;sensit;law;
7452724221276045800;proport;
9973882367357292295;
9842286446618523040;
491047009427257963;third;
7899098823004123014;
3099551238662276124;medic;score;care;
9918519160182006244;read;
8922713699161472038;
14316426927703720251;
11992932875702413888;softwar;
16730801853199202906;
14458444477127296428;
1226887252453554024;
14486126051125697513;
17381464704138070795;discours;kind;urban area;
14408623767678700876;
9699342504716563908;
6348162765783008748;much;
3381007080750599109;ville;
18428749465993921069;
4200725332148778478;modle;donne;
11823329970898025226;linear;
13760138729762463286;
11352863057198664439;third;
6692872976755145971;
8398116855994055216;
5647594942315207000;
10699564520931886123;
7580246514750033031;kind;
10996407037828939323;attitud;
11595245913059804674;
11370913711763707191;
1488080914406482603;
12655541203070074642;propos;
8499417555616565411;
6642013150724481084;
16477421020101727553;actor;
13204473530291646907;
7286362724975462013;ethic;
4304349128518647873;attitud;varieti;
611718514943894539;appli;
8201146711010901702;driver;suitabl;
17122727434064902773;
9383185463487905811;ethic;
16819478448586792772;
17645760952633302273;modle;
10068172261975523399;station;propos;
6839019415780469642;propos;linear;
9583564141724343664;norm;
10533050216933093708;
3328578416045138117;
14222493876078096624;metropolitan;
14547342529241226168;
5075043935563193304;
14036802648632374969;
4260104147993054163;travel time;
17314289872160605504;residenti;
7135035285652365381;kind;
14926816337540496107;rapid;
5292414076061148919;
12260233629933340876;metropolitan;
14030558348737927971;
5206733706246355262;
16832275431297815234;
13142603290569996493;propos;
17262695925448853504;
8563871117470419733;
567297173280178296;
2912683365744949622;travel time;normal;
14993309568377661207;metropolitan;urban area;
12404581769498844881;
7505815539249973163;
10474510974713050998;
834389831004359174;
17375964545083017897;
14054563727090017243;
10391060056115799216;ville;
5749589852345380604;
6936968332397370459;
3909970800908713465;
13279431941969076530;farmer;
18186959997727336132;
2528386213769865227;vehicl;move;driver;
9081606597072342538;
1031838842490024331;edg;
6758431156796680315;
8546256022862429143;propos;
18393355444124919027;law;
7955259468256102734;linear;
3556100296280177656;medic;secur;care;
3749999583718115392;
16860283596484494665;
10030616339111652285;
16837785909966299671;
1579985204683709848;law;
17027362095171633325;
3312552222087936214;travel time;
3592553216232078080;notion;
2015401250409196627;
14072993236140290816;
7222429864848097263;
6739231910085624439;proport;aggreg;
10729136950889812770;
15934262356001351648;
894712591427880701;urban area;
13688400370647414053;nest;proport;
15472150373297798954;
15803747546215212136;
5010640462134362695;edg;
5728083808441835106;search;
4360750368511851729;modle;
6069690160393790691;
3920645220709307871;
6979043508984858490;actor;
6462828514188575746;
6863770548309766245;
6874929389842882794;
402496196607534109;
7172316436222227871;core;modern;particl;deposit;
1428044527741734996;
13143111903899010249;
8900815515773120986;
14495251185655385914;
15766143534075796460;
14692350946164374232;
9054034388664762583;
5536764606571475651;
1131242977152349926;modern;
10770738659954620328;normal;sensit;
10033774019346937946;
11124350477096122063;
5978505324400362173;
11898708529977275598;
3839324202584432885;much;
12115429241098262449;
160947227489361797;light;definit;
13499369907523981266;
8516318776873472582;appli;
11469908197613975580;
14568493970069453716;normal;
5969718546715030356;appli;
10705760529901876612;appli;
7248310977825768978;
11818293051700625977;
5502441640304802541;third;
11188130356910456660;
15066976194792409802;donne;
5226469085955963830;modle;
13014567872785434676;
10165725124600982053;
11471674334726147293;driver;
3695171676832977180;
542462478638068421;suitabl;
3834460405689721308;linear;
17294475667785028288;
14592831105341620476;
11890156425340547283;aggreg;
16844054944903780759;ville;
12697796442744022901;
18107909472848978461;
14002450063053923292;
12541270249649475060;district;
15413042796585060930;notion;
5050861518802247346;
1029297150984620056;linear;score;
18080283712935915658;core;
18326666799412810349;
14434764086607739734;
7645546998968894791;
6240927654188759807;read;notion;
2495114850694326093;
11329485734357612137;
14853819235638115563;
834311257404355295;
15193481822616101012;
9715656947579397826;notion;
2024495557696999937;
7415395018247648920;agenc;
15698773462087394286;notion;
1483192940289362663;
11214020505754228918;
11104451922945229255;
2519835378801857692;kind;
8023934329221657933;organiz;
13348388917612881079;
555087383323839030;
17341728081083085052;
12008314423097487733;
15650835954305918976;
1512624822764680002;softwar;
985118455963310087;
7518843416496473884;softwar;search;propos;
9753193582716993106;discours;third;actor;third world;
6940425992776877152;
13966890450434906878;secur;
14813854515999289944;
16558124303030346446;norm;
17434103007637246133;
337183290941388917;
10991321187408686324;
2206946647888085940;
17698147798030344182;
16034865809677765135;
18131363068058921840;virtual;interview;
15298339823261505499;rich;farmer;
5801970572700994845;varieti;
10728582476284410764;normal;varieti;
11342264385591055133;
14203952736086231843;search;actor;
15817266619301168147;definit;
1273293464840985981;
2436148309027994683;
8805708324229765444;
3795678169354175009;
4053526333959488239;secur;
13989468149411158652;rapid;
10535407373798594415;much;rural;
5208666779280856944;law;
7699766427983572408;
11213792478889491758;rapid;sensit;
8630794593762143573;
16367052236888621682;modern;much;norm;
10393018579370758780;
17398315429100639334;norm;
17908611714969604329;
8369142260323799306;light;
9816030662946906421;sensit;
10550308106903552430;
14489689168738168050;
14409269935136767311;
15461811543745887939;search;
14164797287088955111;propos;
3457357915691770399;
10760726930307865057;
8672531263981113464;qualit;
15888341849774171448;
5380571440256080940;sea level;
18026423820145262245;modle;
18171313651673824820;
13436851488755927543;search;
13238201779498674218;
1614690461372327322;
3768644817633148716;appli;separ;
4957330357510648520;
16367685151841990878;
17269207654849287096;
6270195169891565925;word;discours;
3681756018882461304;agenc;
9529357292020291360;
10582127555552769041;qualit;
9159306801269130274;reduct;
16339031176163308263;varieti;
16174810857882652481;
16668587952418587266;
15833792657950319601;
3772239893031195947;prime;sea level;
18435476047168641089;
17588461751700506835;hazard;
3136161303092554563;
1342053062154529889;
12412101379955597015;
18428124377980014365;interview;
12131750108033218156;poverti;
5268129576368802417;attitud;
6164962964114004845;norm;
14743227115704609035;light;
7551482448852490722;
15875795027243122512;
1979415486100853677;exchang;
15721824988766060560;urban area;
12812800870502340313;
6749785606721750101;extent;urban area;
7082026782810490774;
14397157262465247818;search;
9456315278725389739;
8828078890308619;actor;
7277278070817100656;
15901037253053535115;
11345465494951012333;rich;
5199466677252201824;
10645258141774326611;
13082611469913131311;evacu;
8371363954824889539;
12182958425428052598;proport;
8464013816242322693;
9824796267983475051;
5610012240542517433;
3962843201929215968;
15948326019387950927;rich;
3919872760727413215;
5739173870049942978;
15191176845940634335;
17562946039838070630;residenti;
4333316570004628695;
5683367340827574696;travel time;
7637170482071992634;
6722780232064025809;
1088323345785236399;
9169249757762881341;rural;
4095642946198047114;
14510559664834677675;sea level;propos;
3502793149843681581;
17198630755499428922;
15992859008663456787;appli;
7050316477663636123;
13437953859336480745;secur;
13703245478710659107;district;interview;
12674004753069374596;
1942095062759248642;gender;kind;
4969135363021436624;
8633952387105422093;reduct;suitabl;kind;extent;urban area;
10861234023739096381;
1217034681161090847;
12710287704572659921;exchang;anthropogen co2;
10520525942862629457;
4521167975068893234;
2082511677096063277;proport;law;
2790639534749897389;
15100457817156290199;
14164299253790036626;
11903182268950961618;
6493595415299418802;exchang;
6018307257404326215;
10220217226186145789;metropolitan;
13973422931576406877;donne;
555256199104743189;linear;
12058244608296746172;
12198323473206308827;sensit;
16675771834501790882;medic;care;
8263372487115265218;core;propos;
10547878247922295832;
10484410164394206216;score;
16035091143350004612;
15560063419021575421;edg;rural;
14768122785460374652;appli;
12065087155961710388;
12068719186530936445;residenti;notion;
8660230525118307251;agenc;
15823313378180062345;linear;
6083505660212980312;appli;
16025202695895306092;
1819570045680387305;
4917494706425707033;modern;
4621110226790542217;
16275980395809926269;fire;
13577062423001113071;medic;
14079095224649537395;popul densiti;
79773275100923494;
4068834925173211653;
6031173447895055726;normal;
11842912266925765134;data set;
7013892690161489410;
6654634259541893676;rapid;reduct;
12718947833239738999;
18228289030512851673;evacu;definit;
17731281096705874015;sensit;
17209808013975227319;
5449613968677146838;
6020168803778937874;actor;
1434623051969034489;actor;
10662608499222498484;
3551528640569214865;
207956334320853805;root;
5568557124755376849;score;
9801051324450689898;
9725823152440635388;aggreg;
3784630315130426816;
17108330623970677749;hazard;
1568111486229622334;modle;donne;
8116420472768603939;
18164244392262229111;modern;
1338868986307625915;word;
2153196010763605348;
1098610370106277079;discours;
5035758240060159169;definit;
6311594315937139406;
15383296302549691816;
17514815379515339998;ethic;definit;propos;
13201668423508423961;
6807646703688825952;urban area;
10991846780595109752;
3138069326551433897;score;
5249858953743097995;varieti;
7413775720144024974;driver;
1841717304592367244;
6108483410822794902;extent;normal;
1426502062563824170;may;qualit;
17004386235020215772;hazard;
1652656718218078578;much;
10503652805365151673;
5102528244514609926;
10466816859685705360;
9709866178869591155;third;
7820925999725750163;appli;care;
5215228143461722379;
4654609097644019350;discours;agenc;
9806415883952632992;rich;
4724644620003955088;
14126009346404345003;
12570816051165724650;
2610553645533349879;
13159368812910151612;
1309474506693421489;driver;
7314772773365384645;varieti;
16774856862124664278;
15419397177403801110;span;
13805417772736369116;
8065873078037047763;
12611516261077460428;
16917203941771638485;
17797145840602625129;notion;ville;
7217282880323554388;much;
5204899254963132652;move;kind;notion;
10842125325293062282;
3974591900041350762;
10264586581842734958;move;gi technolog;geograph inform system gi;
7963432323129007389;
2537184898562514737;
15158472739100457061;
3306745644098433261;
4823810579080371539;
8414632459935064634;
10439192063382927094;extent;move;reduct;
2718783937944561371;softwar;
6791143344420436645;
3969743421310974265;
12890083134633130909;
15065084322735244714;evacu;
10391628637873477219;
5873744904444682597;
10298297220252024700;edg;popul densiti;
1553859168981457851;score;
15052383585111522160;ville;
16902526130583446594;
12526526596166894173;
2348811064478516564;
6249787305311561121;linear;sensit;
14630662208448491902;qualit;
7527847531574006090;interview;
6884964792424233342;rich;
16388342901260790011;
435515704312492069;agenc;
17137319320965917987;modern;
12826249600253269008;kind;
15168654279412205661;
16055417236719694978;
416773617446547470;secur;
10094612759905070194;
17519874769124516043;
5208688512490195494;
3741933751709278818;district;
16762810864284179728;
10677696335842110972;driver;
4043019555973255036;
3526837561776185412;
8122185426359203972;metropolitan;poverti;norm;
16142205466814699522;search;actor;
13649054625526379705;coral reef;
6591304542492759221;kind;
17525549815339668105;varieti;
5945312312975201648;light;
17726027477441444979;
1806483061085020405;residenti;
10283568981244634891;
284104573133783587;
3029546493659290502;
18360624767748191644;
18110384107998524493;
16830074924564983537;edg;separ;
6672933765440529907;activit;
1411203620640968682;
12302867795931005041;interview;
8740747011468659344;
12300944088892228037;
7192704660063555236;
3368238845765818004;
17905960392165080063;
4217520108854889122;
9664338613190281873;travel time;
5711196442589595011;suitabl;
517176511202862594;
14958530463175729118;nest;
11201558466570807428;coral reef;
6491647577332215180;sensit;extent;
11230094827245080850;
8027845339591312742;metropolitan;rural;
8999997302269393318;
14605792652968128865;reduct;light;rapid;
2657045013905643866;gender;
18361532257680599905;varieti;
12369180553936207770;linear;normal;
17105728399759437181;c/kg h2o;
5251343769730355477;move;
3712622461943474715;
6953706730281766196;move;rich;dune;
13669708575369236040;
12329254233945332405;move;proport;
4907173009142035440;
5007466482824820798;actor;
15717247249153368754;
17495291798956169942;core;
10944294146295743392;
11627281101004355154;
6066195442270336198;
6444828690277696724;kind;
5380220260540604548;
11672687397673207146;
17322237867501893302;interview;autobiograph memori;
231841861902800487;
11368952419849562091;
4788078414712516260;appli;
5972308545189337228;residenti;district;
18132455908090022336;social capit;
1511588256249298698;
777125429001405757;
15949668047402176034;virtual;
9364060684207308197;
9615270243599640591;notion;
10858871759835168544;linear;citat;medic;
15123552256290319445;may;station;
6386186667907852924;geograph inform system gi;
17577873638657688802;rural;
7375861836040918874;
1738405237011882221;
1799468495599080467;
10277588502948873795;
4170586199523865781;discours;light;
18145787691453040459;rich;light;
8908082973676945930;modle;light;
5745497354157873721;
672962759906562927;
4100652962330597661;
5419015047882006200;
12686684400678944646;
13339234053619071844;
513044656429837655;
8667515303114934112;
7114082863798299104;modle;
17945132280757991617;
15298627292080888156;
1531404401627157727;gender;
7329185034163498520;driver;varieti;
1932163583083044869;proport;
10031369693537783782;suitabl;
7572825399150824026;vehicl;
4337593465136207820;agenc;
10700305950718322472;appli;softwar;
1938663060375810997;
12894577723152012893;popul densiti;
8130451925872901473;
2815067936160533992;rural;
4944003448985227971;notion;
15310856557383751421;
7496302056405799736;
4278534996482046313;propos;
8468801783812716658;travel time;move;rich;
7747764840052054769;move;
5252645202594036373;separ;
13279040681141958098;
11560201488980627559;
15927135468114717590;district;
7042025608361916404;
16727946672000606242;
14500748491237404599;read;
9921470880422563599;
1626812067802543283;rural;
11754715943239466011;
10165508443172242991;sensit;urban area;
13135477429289091220;
2246124274659537904;modle;
14873064680974434166;
6234719208404045400;softwar;varieti;
880438390183649270;prime;word;
7464398163544560483;
8608281818593866442;
6502909583833138350;
13705901573578956648;
11383510340827521825;data set;
11075751139282483378;
3848943091184156052;
2319202001850737832;
17035100725676374134;
3889294306573895274;
15840506285316921331;appli;
16720317923177882635;
2333547374662368572;exchang;
8037348407530070297;
14137438417453311118;
11982135250534637214;
16497041199437439958;
18434959430950673684;
5464843160668804730;
6724415689255671550;agenc;
1348940944769464954;exchang;
3967872545820725523;modle;
12015945217999607803;reduct;
14944470098521629005;interview;
12563164519461381084;
12441624726891572241;
2902376899022202821;rapid;
585118766076369621;modle;
4013903244334772674;
10347161579204697661;
829748876762885119;third;actor;third world;farmer;
5447320629562362912;
12034207875878580674;norm;
14448050621724222498;score;
10921068193715319847;modern;
6447956651104400889;
17465218638578246854;
15649402078637055218;usabl;
5738344954634745626;
448298876094664510;
1393661902258358965;
327416439961795292;
10025118775927327514;
89433055135125553;
3364638083913922839;residenti;
12293368125987288688;
16753162912910650189;
12362965270271442785;
3843451797758377993;
13239590862212687780;sensit;
2045268091037042196;core;
2014171441788950862;third;
72670218085105065;
1539607294936126914;
861570284383173030;stripe;
17073716474242380517;
7727660146894979460;
5464580744575693123;
17550558944282030951;usabl;
14596540610144082343;
4700333113446885253;
5211437890934529626;
15074896300654963197;modle;
14992604396724909737;
327597670919904048;
6279715815098793606;
6386877593223475693;
265640784521652114;
7104560595759184212;
13605880745797200688;
7753233441697637588;
6420069154514629234;
17729149089060606534;
2368409227665512845;
10637343474112675179;sensit;
5571911159453671365;
2529603398864482912;normal;word;
7585653409247557334;
12758731901003015043;
1849790996002489515;suitabl;
6248686829899823785;
8962498779254248051;search;much;particl;
16501420394885114477;modle;
1351474134111035437;
7756306373841627665;
18440728662207539664;attitud;
10344619407955386635;
870763136974838219;
3759218008123796502;
772940415885165556;
8077876224467581621;law;
16674648579978303300;
12317603598572057917;
312768424524227714;
15955952459787410659;
7145063235432161920;
13641350094684458307;
7239818556676106284;medic;
5175654460425706426;propos;
14150442820118112080;
11500161571723801706;
7832036171135993528;
9341417978848832297;
18215107827604953063;third;search;
17523200534257370821;
16557129269154924613;
15148487086999416622;
16282171305541976313;
7259059488135117151;
2651227896930748109;
5811956739138448654;popul densiti;modern;
18083732054004850648;norm;
8647100006758828008;
11299400267950654529;
17408607722674997726;metropolitan;rural;
5706365827676820484;
18045669868789459004;kind;
2649029715397425297;
15770864504635564939;softwar;
6668678568080634331;
1296367525858860338;agenc;
15357860492710856969;qualit;
4634777260185356344;rural;
3869728428203696197;
6897310545588521867;
12873654233603177718;much;separ;law;
7030288555526360293;district;
3387935438455310174;
1928126416453736147;
11187980269061202513;
314107730054892735;attitud;
2282643414863077092;separ;poverti;
918175943206100732;fire;
15924692482095636406;
17376863394750504288;law;
11108998232887052054;
3459652539809707107;definit;
3134501576332005301;
12545177111326114239;
16043655182502620280;
18386589653413410258;
11049191012088189885;
12173627345941189798;
6737613535945672739;varieti;
11824805271819823025;information;donne;
5192390891715835386;definit;virtual;interview;
1344406093216604312;
10056450882976566928;
12620248080072705501;
14299533504582903508;kind;rich;
14085823985841959641;class=snippet;span;/span;cellular /span span;cellular /span span class=snippet;class=snippet cellular /span span;span class=snippet cellular /span;span class=snippet;/span span class=snippet;
18342704647373309441;
17849480907480729768;
12580284943541759313;qualit;
5227298217923332488;
10430115416962153676;
13044407002279443284;
10396130313633402099;
5296752809593239683;
147103752075851947;exchang;
11889494592069775134;
15903005085125932790;
13628299188845969278;definit;
9516388535697072538;information;donne;
11404432311337100930;qualit;
3008405415208190520;
4826773389275678064;
5992039165807660029;
14252363560691477099;
11466055283696156388;
8270659156993299347;
7119133690015310425;interview;urban area;
9858146722597602223;deposit;
8877881167674473113;citat;light;notion;
16010861898681795017;rapid;
16018922640002542436;read;
14058667053147769704;softwar;
1640880704949355836;third;
2364918797031330337;
13221554186297647646;
1761434165225949241;
11712076302654843863;evacu;fire;move;
16290330388231349061;
6971809764517354763;reduct;vehicl;
4325574392761718615;
5322157415978095001;
10330309512470972653;kind;read;
3026067374103179131;core;
4086387867034491419;definit;
11916723019431027258;norm;care;
7000157856718945136;radi forc;
12284551268748142328;ville;
3290958489101500964;
13167205446310583160;
15656935376538089234;kind;
6045050908491545858;fire;station;deposit;appli;
17361683415379800043;
10317537440353235088;
10449068212228800583;
14323705746354380554;
7596957009878295476;
6988614582190515852;
9388049828721051201;gender;interview;
15218165139987451361;
10839262517737278213;
5990539713122647604;norm;
8262538128025507492;
11922082623216230662;
10349911065602846722;softwar;
2730234639589533867;
1494701021289385248;
12339766354771589522;modern;sea level;
17380973308541599660;ethic;propos;
14998176191392029971;
2656775593116814839;information;
14728245003605575310;
14042918712464230183;
6042479523303414752;aggreg;farmer;may;
8255899353746865953;
336315431951931245;
1881135510243922252;
13420320961298461438;
17857075918764050511;fire;hazard;qualit;
5866606606053921696;notion;
5007005022990824990;
13352995313577024013;
9020403315678158471;
7857385102642326484;linear;sensit;hazard;softwar;
8135115570982475718;discours;
8681098392647110990;
3769155143485437688;urban area;
17043718361762306644;
3284542556573888853;
17391236149461498984;rural;
16299447026638269082;
12667788117078462594;
3544594734203264891;rapid;
2469671961145407560;
3939370471047120191;
10470453669594995604;
2102790372216366861;
5950996512172277058;
16058868812392252316;
12648095665243085030;
454953671339376579;
13387286944662034227;
10806819384588760285;exchang;agenc;
9405281172168163156;softwar;
16030540682204175073;sensit;sea level;much;aggreg;
10251732778079742616;
8867241032827260133;information;
17253635397127958503;
9436229324732062158;
3651924631986869120;
4798939207946428470;
16805697868431879496;residenti;
10491989618726539411;
10584155436797896823;propos;
14631811015350950523;urban area;
9635208222808567944;
2074147933695325338;data set;
13884707852295300503;
12040939492058947575;appli;score;extent;
6300820884612989982;modle;
1679372444830359840;metropolitan;
9341219512133153623;
16773861079210337760;modle;information;donne;
5953625350548566956;
7409803496346576130;
10128084676174792683;
11611092016917823288;separ;
18367043577921244812;modle;
3598761962983757592;vehicl;separ;
14670815586013155829;
6841831262583975984;
11791059518141566066;data set;proport;
7224763829438602088;
2476657381672707625;
3028474871025605057;
11875820669077298442;
4203031219448840416;
8100798215461942180;
14338132931755804923;
7988986473763765457;
8939402294688192373;
11546408907067504749;much;
1862436147073975571;
14042616910624198567;law;
13496487756369944379;discours;third;extent;
5315469257877119482;metropolitan;
7711542701398207528;
8468403954622007989;rapid;district;deposit;
5637736725753242664;
4654383392340041347;light;
8062352965310603796;
10823458066133705961;gender;
9293957802743167508;
16980769915154802833;
7627220071627504576;
615768415335916081;
11329367536768704483;
6071508476371003458;
17082092650396037555;
3865633452773130753;
208900977115510732;modle;
7151951232895931474;popul densiti;
15893396494064977467;
1173695343857836493;
5739787164360462991;driver;
3215743739895308103;
5311232879058680967;popul densiti;
14650753014677902081;softwar;appli;
4484989555389156004;nest;extent;proport;
6986614420626807882;
6122954264791565044;
9564932628660665552;root;
642113263799710211;
1089490582161010466;light;
17741665955615893602;donne;
15677232169269238284;
8916936238109737270;particl;
16625734845538138484;rich;
17996488979484615393;may;medic;much;j.m may;propos;
564924956237246791;organiz;
10976471733277666240;
346962930687253553;extent;district;hazard;
10365596912115561012;prime;rapid;
7415491581116962555;medic;agenc;organiz;
2286246417483249993;donne;information;modle;
14100589156499537187;
14257865210444486682;
12720183092367009322;
6735678596555984513;propos;
16377284171299610029;
6892500615649336398;evacu;
13411611054410005932;
1842372190576429895;modle;
4642704683937784996;
16283113583613529390;exchang;
17858969809462957698;
9494994431711599081;
7550690815128077497;
5748057243008601771;evacu;
5599992862933939846;
16484752525219029331;definit;
5666991407365323199;
855584115403605989;
9116508713128779284;
3422480592896384303;secur;gender;varieti;
9612809789051549216;interview;qualit;
15634871230783886961;
10123441672786453534;
317386684668260516;
16693344385978568615;
11511774460263344920;modern;aggreg;law;particl;
10652867812623410276;
14059198033118021215;residenti;
4920815587992906521;
2136174499682773820;rural;
9211221710296779162;
7282627733388727943;organiz;
8127031878409998223;
16217717545734069272;definit;
8169146318677742876;
3143233508684928566;
9517686905339519614;
7841555414323198880;
7583455762725278898;
148528820630612072;
14553657979184249428;
12727327426645456725;gender;
9751357081172122767;urban area;
85456533013574747;
6775699730535455221;residenti;poverti;
12379594384970882079;
12061457621587351741;
9246861555573749802;aggreg;data set;
14498131818807995747;third;
5259793583041131036;citat;
13993789347398025104;
4780460744283496738;much;
1426718604170844077;light;
18425085832092840512;aggreg;
9219018101705137218;modern;
13482353028010189795;
17746806653121580330;edg;deposit;particl;
9235871222558854832;
10013803655070560638;
16736283522487035448;
10323496463946431807;exchang;actor;
9824293566107546741;
11970435675149528981;vehicl;travel time;driver;
13976970458283244690;
15095095450509152633;
17247701678631150489;
15974147135134989690;
15300628473820026465;
10703006088097445036;travel time;
9598507076759975059;
11462201490072276160;modern;proport;
2122439767096754262;
13046182387915099919;search;
16244399186800690255;
406330097348489039;organiz;
12074791627335969480;vehicl;
7280194500094517360;
7516204158801455444;ville;modle;
7646987548628140880;
6479911044407177806;
8904443756508946785;interview;
15987059420938837711;
15658286894691229894;
3062630970667912531;root;varieti;
18088706960164762720;medic;interview;care;
5540209421504667131;definit;much;
16744713827979514952;edg;qualit;
14094530239089537048;kind;move;
15220667980201431690;
15562369576126973711;
16897414818370745215;rich;
6966438555055507242;data set;
6447959156702523120;ethic;qualit;
10995334724193373818;
4534330225218751185;
17098239070762925876;
14396327512065288607;rich;
14715382506428545598;normal;
7326638563904143505;rapid;
13098884108482343980;aggreg;
17834686457247579105;
1120349177777646080;rich;
263596376012919141;
1719353867614609066;
4775727553274107503;
12595493120613903519;much;varieti;
16161413782827374733;move;
5498814720413676438;prime;ville;
15345111394105163517;linear;score;
8180711486027441021;separ;propos;
10807986876856410467;softwar;rich;
7192111467843982782;sensit;hazard;
13538117185845330327;qualit;
2598266444088209003;
7285174410870011339;
11862696006788612128;residenti;
15320124019425457435;
199799041832127150;
17051066911220384238;interview;
15930058941526726960;donne;
13912531300625891856;care;
12277867620617149508;
17741557979482585752;proport;
13857450270587218999;particl;
503155717313126840;interview;
18282409755244513541;qualit;modle;
13040556498135840403;search;
3962548750837829009;appli;
11026966835267261504;
10853166514571877863;evacu;
1501696401783843862;
10090949747912544277;rapid;
16236486863014016293;
3576151226732243367;
15192246382476044460;data set;
4292875722037817466;
4297464848132087130;
8230786906285369235;modle;
9540758534282091359;activit;
12194580217525885576;normal;
14486869159148456942;propos;
11837187513811242400;
4973157156227712327;
7418167336521628102;
11791365281199229911;
16716512319778404125;vehicl;exchang;virtual;
15875100442316168821;law;
7037423006322450435;
15889327589516667660;sensit;geograph inform system gi;proport;
610105652313681098;ville;
11264242014207863537;metropolitan;
15890182278412092193;extent;
8027640125356267393;
18152087404923492877;virtual;
10147041965339892508;
10858345797447895264;
5595494999427961093;extent;
7316845155926630570;appli;
7556964817653960964;activit;
4958787718050007739;ville;
6698018902174056282;
13555819418216861836;
13774746752028287449;
17337262542403603631;
17019923692415254155;modern;much;care;
15308082467940695330;modle;
8296886487563722408;rapid;
9646331665420842195;exchang;
14413440278932036582;modern;
1569832074280857657;public space;
7361536526231223743;appli;normal;
3747973635408949519;
5569536999889139918;district;
6641734375441451777;
4587017452707063788;public space;
5107094260393579499;rapid;
7973918132086831270;
16636676518314383757;edg;care;residenti;light;root;
3474161929864143523;
5602048343106651951;
17182762534229417776;
9882178805155913309;
10063344640599288788;softwar;video game;
11452625177026933352;norm;
3186561041591932150;
9402239133384955404;
609220157704495081;read;
3554417689613986344;core;
12062305841232240593;word;
4209794354441289308;district;light;
6364310272797383111;
4828280867672055016;
3417898554512036973;action research;
4678864325312330113;
7300614456364375539;secur;
3352823457147364199;
7413828327671151087;
14679075301579294859;
12839834975807502210;
9194755853355574955;much;
11573737196352475039;rapid;particl;
12087860346099144998;definit;
18023338712559793847;propos;
541096197320592754;attitud;
17804387794312289598;
3372645134836453568;
12852671943115656971;search;reduct;propos;
2674569773425126788;rapid;
1550278674240135395;separ;organiz;norm;
2456876008217454016;driver;
2502540198130373232;agenc;
1415861122021183252;norm;
7928072021701936157;geograph inform system gi;
5539128275589998411;
1154989160950124501;linear;
4306967709009780132;gender;
16952305897550550698;suitabl;
4912701179803452404;
10480461462344973961;
17876741546841930318;
1101198779405705960;residenti;reduct;edg;
3938474847827477298;separ;
12951073203871283559;
4013426066103244317;actor;
10260606283646584001;medic;
10082004464913657026;sensit;
8817463132472632328;
14112320872707170074;
10305952464125075350;vehicl;
14566680644051987143;softwar;
12124137620159515731;
6996908993967082339;
8809117434454370081;residenti;move;
1576681772734550867;
18089337150873394144;score;
14899341120742725240;district;
8448255612052968930;
2907284603097415472;
12970542826170310767;
16548161577475524535;
13891880588969894057;
13858103220130689393;
13317537844960269013;vehicl;
1926076497446148057;actor;
15628308966590292049;
12014934828909930563;
8182806892937037689;driver;
6474361838092254707;ville;
14168146041025557076;driver;
12889435821312640496;normal;
2161678030321316117;
9914924177076171326;normal;
15072517844228393471;
1602190395800609868;
1067400932766935692;
14917515040594641328;
10009082518245317270;discours;
17035041862689934138;appli;
4315088957886724870;
8721094222015351684;third;
11619661777091000901;
9101428114935913245;poverti;reduct;
1725211076283476192;extent;
1426968813249865862;
5035349679182410681;
17055734774969068559;
17122797029903286996;
13098559286435533966;attitud;norm;propos;
14850117714212706606;notion;
12381380324137050485;
10113713744549334426;
3046736357555850335;proport;
16129296738038958758;root;
9350119772306330583;linear;definit;
10417119824968175567;
1020439215613851125;
17686386988456152944;actor;
8190705376825416037;citat;normal;core;
1800678535641557631;
4452003672140830454;modle;
8730583801355325287;prime;extent;third;third world;
5853181823433255628;
6103562122848363258;
8226171741742931491;
1569802730153916608;separ;norm;
16531419982742482473;core;
9461658172019004582;
12844869556250119279;core;
2697595560645590869;edg;
12323825656621374056;read;separ;
1711753029703663314;
15377316481040121157;rapid;actor;
11631898137200163150;
9450455850749992716;
3366802460007529075;
14728348093384632849;definit;word;
15210687129030442302;
8744576340467324442;district;
14174118270321470541;
13788173831370974165;
13978108729004092598;propos;
14056971202006905788;gender;
71701339042918686;modle;
385558715348696007;
3531548788649395157;
17439046857512051664;
5021655804370767846;
17660815835935629864;kind;
472290619752748561;
2009987668862926666;
9893371977020158792;notion;
5672362119813748225;rich;
9700931879103980887;qualit;
9307607782411909849;discours;activit;
15407204464231071686;
10359080113980014098;
7917706257376229189;
6617264603386639178;extent;
953968048890699137;
14202498462362710905;
8587424259723083452;
9483839084045297490;ethic;separ;
7447371179151609061;fire;move;
390197315832604230;appli;data set;
13741369762548206418;prime;word;
13973992772174842049;information;
7472063614068490707;
10541730149652934748;
13764039979544287755;
9428596664436315661;read;
13890366259837332521;light;propos;
16741869348001716099;
16195307245983222238;
5290731954976825291;agenc;
7804633488811033202;
6094342000135908507;
8893661772547531342;
3974893335110447644;score;
9011177800405190403;secur;usabl;
15468799745365179190;gender;
18164987776433452924;social capit;edg;third;notion;third world;
17662869680636453060;
7190682184130544090;exchang;qualit;interview;organiz;
2638754731186220301;
203587351823557033;extent;
16622132096354432285;rich;propos;
7497612640947569667;proport;poverti;
2989313275439074841;geograph inform system gi;
11541559802118270933;poverti;
11253299068481629773;
14438437011451823600;kind;
15355229839948819177;span;notion;
13933230821008719618;word;
5343963238803474498;extent;proport;
10737870188100550508;
8302000181625203814;
7854182851659167050;
9633162307067478265;qualit;
3120805160270708171;rural;station;
10991090023930727355;
6436812898792614175;norm;
14711816563358800185;span;
15145909352471637153;residenti;
3801245627317842925;
17505030591266415341;extent;
3901149004292998299;
8229787373038521634;much;
8837192411696925118;
7035930430786557433;
11958478847612562938;
5106016339121747623;modern;read;
8537888948400587962;aggreg;reduct;
2720949249421263430;rich;
7638615699785267981;residenti;root;
683511406467226568;prime;
12734372168736750119;
2060711268350417547;rich;
6277344307197580550;extent;
9697619966616138278;
13362146004174235272;light;varieti;interview;
2824433317102068793;qualit;
10630628761493805011;fire;
6442469703293621428;metropolitan;
9553218461339822356;
9256794042650563470;popul densiti;
7566373920085565990;
6158731835775235586;medic;
4261887964828557611;
6432442340691868552;notion;
3851683408341708161;activit;ville;
912151320413264737;linear;station;
12057885813097924740;
12900484356711120503;
10392749864974154826;
2893665715402693120;organiz;
5114348514309083494;information;
11194125312907066690;
11947124453073791637;residenti;
5257195327846580265;varieti;
13554737887129064550;
8850907228741846772;gender;
17659503164739532447;
9807968417314679411;
17292685643288661630;reduct;
9475457913722585119;
12679094394145734725;move;bar;
10747901143387624939;
2611020608958762644;
3467097229727825342;
18033264760083332423;suitabl;
7095524331612258350;action research;
9199798111067088603;
17069781741636211131;light;interview;
6311551624424442744;district;rural;
14916836930653650756;interview;poverti;
3124762641474931816;
14897951028448130632;
2831589230403934971;
17061806473533931681;sensit;
14288231556090055938;farmer;
3197163161337084492;sensit;
11605265997895201019;linear;
14219264150094856766;
10917621357237960492;interview;
15823513342291472863;root;
14174734882945452273;
13629155094827451181;normal;
1517576372966435631;
11871493477669243505;
5855551438302203320;exchang;
5130956533596740745;
11804387359184216869;
1706078531547254535;
15064904522812164344;interview;organiz;
1345778036243663996;
710179239614022081;
5343824182064711280;
14362403875506901820;
16258845033682599475;exchang;
12242303787808123961;
2990997090197475284;
14975934905080140197;proport;
5260808691439952360;
12441270432768140915;deposit;dune;
7109035006673776343;
8596122097479343036;
17383015700925247862;much;varieti;
5792550434098267728;
7845786751934911025;
8759201702484180848;
9530536557205134630;attitud;
16584471157967771517;
6450675712724913060;actor;discours;third;attitud;
13595774838697150962;
17603032749454864372;separ;
17504655691662862073;
10698076894572876434;
14505961841182390651;
13567072666457975171;vehicl;medic;
4032759008048105645;exchang;law;
5251673913169237894;
1855971177419640835;modern;
931812744131941723;
13971001332326418208;metropolitan;reduct;
8717736230180721741;
5396808306905391537;
12970711074788444479;much;
15770934731086483581;exchang;
16264557369108523467;extent;law;
5603469525713250611;
9778440285021324005;softwar;residenti;definit;
915808109563460724;
11019587380183575545;
9677962687291603084;kind;edg;
18403061381229628242;care;
1215618408098227404;law;
4791630039065610518;appli;
15170518529379757163;data set;
3868220131191595583;modle;discours;
3534970285600298616;sensit;much;norm;
11466774729580282800;varieti;
15910410284362960557;modern;definit;organiz;notion;
7387498977280821494;
7407551635594378171;
18419650040388448277;
1806820797451085459;discours;
4068723213522043679;ville;
5262338330397019669;
6303024754645151471;geograph inform system gi;
6959234858362246970;move;vehicl;
18251336532992925517;much;
9009134263900961819;
5517706624477683460;
12775734392832682525;
6631506377592452348;
8046274697358420472;
6422479759888340728;usabl;
1638889724284237241;varieti;
2781897171808007278;
12967116259127328655;definit;much;gender;
9766225282383706085;modle;
3386069735568026816;
16162168471929726459;particl;
56130085386446203;
16444394825093920500;residenti;
5642362043032301427;extent;
1016502434315600686;word;
5408964239308157635;extent;
13103180883017430524;
3461449508321892270;definit;
11156069784225254564;sensit;
11632612483149790157;gender;
14495231685252939011;
9766875415570999532;
10020671819040138500;
8777132649643242569;
6882095819571918604;reduct;move;propos;
17316660445780602856;propos;
4487381413762635215;sea level;station;
15567325686694424181;kind;gender;
6935666708592553603;
726663096495224232;
7820654797362893989;
8631740846117403039;
5437595076989925763;
12088358733862177405;
7976888532897584518;modle;donne;
18130061239138976231;norm;
4808414494492786321;
9023850495926443931;exchang;
6688086291295240700;
4196120671083458320;
7554745177542932587;
6782323438962531030;
6779114464807194439;
2361406351442265873;modle;
16564459303356487996;interview;
8377107873597675201;
15394858838590317863;
13703036957350568114;definit;
17369952945072172676;citat;
6517369177517459582;
16781310828629088044;dune;
8812418830257570274;
10050171864916508471;
18426833571451978517;
13099438564929669371;medic;
16605102736476798204;
8941475952933714286;
5217623711091031729;
13413317273949398303;
14759500605916382731;
667096344743133526;
9972661953358887582;poverti;law;
7461035986979595310;
15031304281502492768;normal;medic;
334892836257303440;
9278421060653834012;district;score;
10263754243008014520;
16836419191531409247;
17548800013511341885;light;
1572685096933810526;public space;
18237221135166070833;
987017548311281100;
12813521501679240040;normal;
3923179147096443303;
12960012121869458812;
8038266503306791951;
7392942010413295367;
2269081881849253784;driver;
8763759797776024457;qualit;
15625515351754719414;
1839406893156647510;
16076034088712186033;
17173028294405442962;much;
2219556963175601991;move;
5409244580111112561;
8839547004993848068;
5810921038194724970;
7209418130205624156;appli;station;
12607957938113467652;geograph inform system gi;hazard;
2344515304890469163;
12454592751777162238;separ;
12325933641627177214;appli;
6693464222928797404;
17426688719372040986;rich;
3729398305245337656;
10687151594166366399;
12075273365978254220;
1119531450284971045;particl;
4739764072646488364;
14688986500342596001;sensit;
3879886018487904516;
12321952706396367883;vehicl;
8455932684345715804;appli;
496885644374830251;
6814592155949588432;softwar;
16952376835734334852;
17340944866175048952;
6865281096935299400;
16285912342708227428;
4278938148038404225;
15350275881005442918;
17637269255957086237;extent;
4972157410869286502;linear;extent;
15170096162495364275;exchang;varieti;
6903608303900345710;
17681570550838716681;donne;
13774470431351204622;
18068092846487203160;
10965393785200126827;
3737520613281495532;propos;
7530469926588222513;
6816645964030950578;
12204739730871293492;
5321184393868789724;
9036996452453747523;
2375596962384407043;
7644356760911685869;
1486388364579097028;
11176148863934252420;
668349723855649886;rural;urban area;
1487311365520505809;
13044604629314283233;
10205170732115091485;modern;
10794568238342692545;
1017250682653674686;
5295446872317107953;
7535766897064862017;
17731127396440963477;light;much;
14264519588762440572;
5293188335867718142;read;separ;
6153241385309574536;
16901814037025688550;action research;rural;
8167908446836938226;rapid;varieti;
8040030645802797278;
9870150659402154222;coral reef;
15351839951612062685;interview;
17618471719143926617;data set;
15230327809371361008;
2329825130637771672;
17254327755833959265;core;
643691632916843398;core;
5305142274017950032;kind;
9264557522499376374;softwar;
11821088087116713657;notion;
12178456379139737746;
6119426468521975035;
10354472058525903057;ethic;organiz;
11069384260297185145;core;
10974435719020735822;search;
12333204675336649030;sensit;
1376260321172751619;rich;
8938410933305123824;
7362344248456677646;
14379901811470655929;rural;
17336818429991414484;
11993946615169947731;popul densiti;
8130977974655263110;
2099808559622797056;residenti;
5694756131468578291;district;
14817877967561882851;interview;
14750953024812286666;
17959965091764070959;
478405108049244281;district;may;urban area;
12511774621455856655;hazard;organiz;
15420327741819256686;
17135549389995454887;third;third world;
16231227777695879985;linear;
16153163397131900190;
10252674120720126368;
10944917847163304933;rapid;
2929386458535285570;donne;
10826429979334290361;
2502752574900686097;secur;qualit;
1802524260202017166;
4845132150792857744;normal;fire;separ;
5712574574248608559;
17750080139229482016;discours;
12111681296334963574;
